262.38819715711804
260.64507548014325
260.0366617838542
259.6210666232639
257.41650644938153
255.57159932454428
254.29912651909723
254.63236321343317
254.0338660346137
253.7402284410265
253.63507588704428
253.32593282063803
252.95773569742838
252.78292677137586
253.36239369710287
253.7419679429796
251.3839543660482
254.3362570868598
253.501345316569
253.29784054226346
253.45816379123264
252.2168494330512
245.94088321261935
239.22892083062067
233.1908662584093
231.13170708550348
229.00526512993707
226.5293197631836
223.92835744222006
223.71066114637586
216.44388665093317
216.38267517089844
212.7963604397244
215.2916225857205
216.66705067952475
210.3080817328559
208.89687856038412
202.84232330322266
204.66437530517578
199.8340098063151
198.5352020263672
196.30691613091363
195.20340135362414
191.716305202908
191.78545549180774
187.64115566677518
187.41216023763022
185.22007327609592
184.69126722547742
184.2803709242079
183.6869354248047
182.08890109592014
186.62392255995007
184.67601776123047
179.66988796657986
180.0482940673828
177.26942698160806
176.31259155273438
172.5239266289605
172.748174879286
172.6890631781684
170.2942394680447
172.5444361368815
170.30049472384982
169.2078094482422
169.6372273763021
169.50677998860678
166.2039091322157
168.0952614678277
166.9846657647027
165.22313774956598
164.23426479763455
166.6762169731988
163.35445319281683
160.60796356201172
160.1908713446723
160.08448876274957
158.7920650906033
159.1305414835612
156.1033206515842
156.1974597507053
157.23782009548611
155.47745174831815
156.08147430419922
153.68564097086588
155.70336066351996
152.07582261827258
152.4394285413954
154.40591600206164
150.37549251980252
150.17710749308267
147.48748779296875
147.17202843560113
149.14234161376953
145.24340523613824
145.43701171875
147.09211900499133
146.545285542806
142.69396040174695
144.3046752081977
